
# For files with no segments removed in either phase, a large number (10000) is used to make
# the removal process useless (i.e., not remove anything)
# 1. BUild list for random segments
rand.AR.list <- list(
  "1_1" = list(gen.artif = c(19, 44, 81, 89, 151, 166, 180, 194), 
              remove.blinks = c(1, 89, 98, 174, 263)),
  "1_2" =	list(gen.artif = c(36, 74, 82, 107, 110, 119, 124, 134, 135, 159, 186, 188, 
                              200, 201, 217, 233, 235, 236, 240, 253, 256, 259, 261, 265, 267, 
                              268, 269, 270, 271), 	
               remove.blinks = 10000),
  "2_1" = list(gen.artif = c(1, 4, 12, 22, 25, 32, 36, 49, 60, 61, 
                             62, 64, 69, 72, 73, 80, 82, 84, 85, 88, 
                             89, 90, 104, 116, 119, 122, 132, 133, 134, 137, 
                             153, 156, 167, 170, 185, 186, 187, 188, 191, 192, 
                             193, 195, 196, 199, 201, 207, 210, 225, 235, 243, 
                             244, 246, 247, 248, 254, 256, 257, 269, 271), 
               remove.blinks = c(29, 36, 150, 158, 170, 198)),
  "2_2" =	list(gen.artif = c(9, 13, 14, 20, 21, 23, 26, 27, 28, 44, 
                             45, 46, 56, 62, 80, 81, 83, 95, 96, 97, 
                             107, 108, 135, 136, 137, 138, 140, 142, 143, 151, 
                             154, 159, 161, 164, 168, 175, 177, 179, 181, 186, 
                             191, 192, 193, 196, 197, 198, 199, 206, 208, 212, 
                             214, 215, 216, 236, 241, 242, 248, 250, 257), 	
               remove.blinks = c(112, 185)),
  "3_1" = list(gen.artif = c(10, 25, 27, 34, 53, 56, 57, 77, 80, 84, 
                             95, 128, 133, 134, 136, 139, 143, 144, 152, 158, 
                             160, 163, 185, 188, 196, 199, 206, 216, 217, 218, 
                             220, 242, 246, 248, 254, 260, 261), 
               remove.blinks = c(25, 42, 44, 45, 47, 52, 73, 135, 139, 155, 
                                 192)),
  "3_2" =	list(gen.artif = c(3, 4, 8, 16, 20, 24, 25, 26, 28, 31, 
                             71, 74, 79, 87, 90, 92, 93, 98, 102, 125, 
                             137, 141, 142, 143, 145, 150, 151, 158, 165, 166, 
                             169, 176, 185, 187, 193, 199, 201, 204, 227, 228, 
                             232, 240, 242, 255, 257, 258, 259, 262, 267, 272, 
                             274, 280), 	
               remove.blinks = c(5, 13, 16, 18, 23, 28, 30, 31, 34, 52, 
                                 60, 77, 155, 165, 166, 223)),
  "4_1" = list(gen.artif = c(11, 43, 65, 124, 167, 187, 229, 237, 257, 266), 
               remove.blinks = c(90, 237)),
  "4_2" =	list(gen.artif = c(16, 80, 127, 133, 206, 217, 238), 	
               remove.blinks = c(28, 99, 136, 167, 223)),
  # "5_1" = list(gen.artif = c(7, 31, 60, 109, 143, 172, 207, 209, 214, 215, 
  #                            223, 232, 234, 242, 267, 276, 280, 281), 
  #              remove.blinks = c(51, 79, 181, 233)),
  # "5_2" = list(gen.artif = c(3, 38, 40, 45, 49, 59, 101, 124, 143, 145, 
  #                            169, 179, 180, 181, 219, 235, 243, 247, 250, 254, 
  #                            280), 
               remove.blinks = c(18, 54, 171, 230, 232)),
  "6_1" = list(gen.artif = c(1, 31, 62, 84, 87, 114, 132, 137, 140, 148, 
                             163, 169, 194, 198, 199, 211, 224, 225, 245, 253, 
                             276), 
               remove.blinks = c(19, 37, 49, 53, 68, 83, 101, 104, 107, 118, 
                                 129, 142, 177, 179, 195, 199, 205, 226)),
  "6_2" =	list(gen.artif = c(7, 16, 23, 27, 50, 55, 83, 84, 88, 91, 
                             111, 112, 120, 136, 149, 154, 164, 171, 184, 189, 
                             190, 206, 207, 212, 216, 231, 241, 248, 254), 	
               remove.blinks = c(1, 69, 98, 137, 198, 213, 215, 239, 241)),
  "7_1" = list(gen.artif = c(1, 29, 54, 83, 85, 108, 116, 135, 139, 161, 
                             187, 217, 218, 222, 226, 227, 228, 243, 250), 
               remove.blinks = c(103, 206)),
  "7_2" =	list(gen.artif = c(21, 22, 52, 57, 59, 84, 114, 165, 166, 168, 
                             195, 200, 201, 202, 209, 210, 212, 223, 224, 246, 
                             247, 271), 	
               remove.blinks = c(54, 107)),
  "8_1" = list(gen.artif = c(8, 11, 13, 16, 19, 23, 25, 29, 34, 43, 
                             44, 46, 54, 59, 87, 91, 92, 107, 113, 116, 
                             145, 157, 166, 169, 171, 173, 187, 195, 199, 210, 
                             213, 215, 216, 226, 229, 237, 246, 247, 249, 253, 
                             258, 272, 274, 275), 
               remove.blinks = c(22, 37, 49, 52, 101, 138, 158, 192, 199, 228)),
  "8_2" =	list(gen.artif = c(10, 11, 14, 16, 22, 28, 34, 37, 38, 41, 
                             48, 63, 68, 71, 80, 96, 99, 107, 111, 122, 
                             123, 124, 135, 138, 146, 152, 153, 158, 166, 168, 
                             171, 172, 175, 184, 187, 188, 190, 191, 194, 195, 
                             199, 212, 216, 217, 218, 221, 222, 224, 228, 231, 
                             239, 242, 250, 273, 274), 	
               remove.blinks = c(5, 41, 83, 96, 104, 122)),
  "9_1" = list(gen.artif = c(9, 15, 38, 42, 46, 48, 57, 70, 88, 103, 
                             142, 147, 153, 156, 161, 167, 177, 181, 185, 205, 
                             209, 222, 249, 261, 268, 272, 275), 
               remove.blinks = c(60, 65, 136, 171, 195, 200, 201, 217, 230)),
  "9_2" =	list(gen.artif = c(12, 22, 26, 28, 31, 34, 38, 45, 47, 55, 
                             75, 78, 83, 91, 97, 100, 102, 104, 106, 109, 
                             127, 128, 153, 157, 159, 161, 174, 193, 214, 218, 
                             220, 233, 238, 240, 242, 247, 255, 265, 271, 277, 
                             279), 	
               remove.blinks = c(7, 17, 59, 65, 69, 85, 90, 191, 229)),
  "10_1" = list(gen.artif = c(88, 167, 246, 247), 
               remove.blinks = 10000),
  "10_2" =	list(gen.artif = c(7, 28, 35, 56, 89, 165, 174, 191, 240, 245, 
                              247, 249), 	
               remove.blinks = c(45, 117)),
  "11_1" = list(gen.artif = c(1, 6, 8, 10, 11, 12, 15, 22, 29, 36, 
                              38, 40, 48, 53, 56, 65, 75, 81, 82, 85, 
                              86, 87, 89, 93, 94, 95, 96, 97, 99, 100, 
                              101, 103, 104, 105, 106, 107, 108, 109, 112, 113, 
                              115, 127, 131, 137, 138, 140, 146, 151, 154, 156, 
                              159, 162, 164, 165, 177, 180, 194, 208, 210, 212, 
                              218, 221, 222, 225, 227, 235, 238, 246, 250, 253, 
                              259, 261, 263, 264, 267, 268, 278, 280), 
                remove.blinks = c(142, 150)),
  "11_2" =	list(gen.artif = c(2, 7, 12, 18, 30, 31, 33, 36, 42, 43, 
                              46, 51, 53, 55, 56, 59, 78, 83, 88, 95, 
                              99, 105, 107, 109, 111, 115, 122, 125, 135, 141, 
                              143, 148, 151, 156, 160, 166, 176, 181, 184, 188, 
                              191, 196, 200, 202, 204, 207, 213, 215, 218, 219, 
                              223, 228, 230, 231, 242, 246, 253, 266), 	
                remove.blinks = c(12, 45, 55, 98)),
  "13_1" = list(gen.artif = c(1, 17, 29, 30, 42, 54, 58, 59, 68, 69, 
                              71, 72, 76, 88, 100, 108, 116, 118, 132, 137, 
                              143, 147, 148, 152, 176, 180, 202, 227, 235, 240, 
                              255, 257, 260, 270, 276),