
# 1. BUild list for random segments - REMOVE 0'S FROM SUBJECTS 1 TO 9 FOR CORRESPONDENCE WITH FUNCTION
rand.AR.list <- list(
  "01_1" = list(gen.artif = c(19, 44, 81, 89, 151, 166, 180, 194), 
              remove.blinks = c(1, 89, 98, 174, 263)),
  "01_2" =	list(gen.artif = c(36, 74, 82, 107, 110, 119, 124, 134, 135, 159, 186, 188, 
                              200, 201, 217, 233, 235, 236, 240, 253, 256, 259, 261, 265, 267, 
                              268, 269, 270, 271), 	remove.blinks = NULL),
  "17_1" = list(gen.artif = c(5, 14, 30, 39, 54, 73, 91, 102, 140, 228, 
                              258), 
                remove.blinks = NULL),
  "17_2" = list(gen.artif = c(1, 10, 13, 16, 27, 35, 37, 44, 47, 59, 
                              61, 67, 72, 73, 103, 104, 109, 126, 139, 148, 
                              173, 272), 
                remove.blinks = NULL),
  "18_1" = list(gen.artif = c(18, 24, 37, 71, 80, 81, 102, 110, 113, 118, 
                              125, 129, 136, 138, 147, 151, 160, 164, 192, 195, 
                              198, 205, 211, 214, 218, 220, 225, 226, 237, 238, 
                              246, 247, 250, 259, 272), 
                remove.blinks = c(1, 204)),
  "18_2" = list(gen.artif = c(5, 13, 16, 18, 21, 22, 24, 27, 29, 33, 
                              38, 39, 46, 47, 54, 60, 77, 80, 86, 95, 
                              100, 105, 106, 107, 109, 113, 118, 119, 120, 121, 
                              124, 128, 133, 138, 145, 146, 148, 162, 172, 173, 
                              178, 188, 197, 199, 205, 212, 221, 226, 228, 233, 
                              234, 236, 242, 244), 
                remove.blinks = c(32, 84, 87, 96, 104, 129, 190, 213)),
  "19_1" = list(gen.artif = c(112, 151, 178, 193, 224, 235), 
                remove.blinks = c(102, 163, 251)),
  "19_2" = list(gen.artif = c(54, 58, 81, 96, 105, 119, 139, 186, 197, 198, 
                              206, 222, 240, 244, 246, 251, 252, 253), 
                remove.blinks = c(152)),
  "20_1" = list(gen.artif = c(2, 3, 6, 10, 11, 16, 20, 23, 26, 47, 
                              58, 59, 64, 79, 80, 86, 93, 109, 113, 132, 
                              135, 136, 142, 148, 156, 162, 171, 177, 189, 192, 
                              208, 216, 217, 218, 233, 254), 
                remove.blinks = c(62, 70, 100, 128, 209)),
  "20_2" = list(gen.artif = c(22, 26, 53, 57, 74, 84, 89, 112, 118, 121, 
                              132, 134, 136, 162, 173, 176, 178, 200, 203, 223, 
                              228, 231, 237), 
                remove.blinks = c(29, 46, 76, 199, 208)),
  "21_1" = list(gen.artif = c(1, 27, 51, 76, 94, 95, 100, 109, 129, 130, 
                              134, 146, 157, 167, 169, 185, 186, 200, 203, 206, 
                              212, 216, 235, 239, 240, 260), 
                remove.blinks = c(64, 86, 87, 93, 117, 119, 132, 141, 169, 183, 
                                  188, 238)),
  "21_2" = list(gen.artif = c(19, 21, 26, 35, 45, 52, 53, 57, 79, 82, 
                              91, 92, 93, 99, 105, 109, 111, 119, 130, 134, 
                              141, 157, 158, 166, 187, 193, 200, 208, 220, 221, 
                              243, 244, 245, 246, 247, 266, 272), 
                remove.blinks = c(1, 14, 48, 52, 96, 123, 156, 221)),
  "22_1" = list(gen.artif = c(3, 17, 20, 30, 43, 58, 63, 69, 80, 108, 
                              113, 129, 136, 163, 191, 194, 218, 235, 247, 249, 
                              260), 
                remove.blinks = c(17, 142, 147, 162, 216, 234)),
  "22_2" = list(gen.artif = c(8, 30, 64, 89, 94, 113, 120, 136, 254), 
                remove.blinks = c(4, 157, 186, 231)),
  "23_1" = list(gen.artif = c(2, 26, 28, 29, 40, 41, 47, 54, 63, 80, 
                              83, 85, 86, 89, 92, 94, 105, 106, 111, 117, 
                              118, 135, 142, 165, 167, 184, 189, 193, 201, 204, 
                              214, 215, 219), 
                remove.blinks = c(1, 147)),
  "23_2" = list(gen.artif = c(11, 13, 16, 19, 22, 24, 31, 34, 35, 37, 
                              40, 43, 47, 55, 56, 58, 62, 64, 72, 79, 
                              85, 101, 102, 109, 111, 115, 121, 124, 126, 133, 
                              163, 164, 168, 172, 182, 184, 186, 191, 198, 204, 
                              205, 212, 213, 220, 221, 222, 227, 230, 231, 238, 
                              244, 249, 254, 259), 
                remove.blinks = c(101, 109, 116, 172, 173)),
  "24_1" = list(gen.artif = c(48, 71, 84, 146, 170, 181, 231, 247, 263), 
                remove.blinks = NULL),
  "24_2" = list(gen.artif = c(52, 74, 77, 135, 154, 159, 185, 190, 206, 209, 
                              210), 
                remove.blinks = c(30, 206, 234)),
  "25_1" = list(gen.artif = c(20, 24, 30, 37, 48, 56, 62, 67, 71, 91, 
                              108, 110, 112, 125, 129, 138, 147, 153, 166, 177, 
                              193, 202, 203, 204, 226, 233, 243, 248, 260), 
                remove.blinks = c(36, 45, 67, 71, 87, 185, 186, 200, 216, 228)),
  "25_2" = list(gen.artif = c(29, 30, 33, 37, 38, 41, 54, 84, 87, 97, 
                              112, 125, 141, 168, 196, 199, 223, 250, 274), 
                remove.blinks = c(10, 11, 35, 40, 74, 133, 203, 221, 228)),
  "26_1" = list(gen.artif = c(47, 55, 69, 74, 81, 89, 94, 107, 114, 120, 
                              132, 135, 147, 157, 158, 159, 189, 196, 199, 200, 
                              201, 223, 230, 244, 254), 
                remove.blinks = c(33, 85, 142, 175, 210, 211)),
  "26_2" = list(gen.artif = c(25, 27, 44, 72, 94, 96, 99, 108, 137, 166, 
                              180, 190, 193, 196, 197, 205, 219, 223, 239, 240, 
                              253, 260, 268), 
                remove.blinks = c(188, 205)),
  "29_1" = list(gen.artif = c(9, 24, 28, 30, 37, 43, 49, 64, 71, 72, 
                              75, 82, 84, 85, 86, 97, 99, 100, 114, 115, 
                              116, 123, 130, 131, 132, 139, 140, 149, 153, 157, 
                              160, 166, 175, 180, 183, 185, 188, 193, 202, 210, 
                              211, 212, 213, 214, 226, 229, 240, 258, 261, 263, 
                              264), 
                remove.blinks = c(43, 57, 58, 60, 61, 62, 71, 72, 82, 95, 
                                  114, 145, 213)),
  "29_2" = list(gen.artif = c(4, 21, 24, 26, 28, 45, 48, 56, 62, 69, 
                              74, 78, 90, 109, 117, 131, 156, 164, 186, 199, 
                              212, 221, 224, 244, 252, 255, 256, 257, 263, 270), 
                remove.blinks = c(38, 57, 84, 95, 129, 132, 136, 137, 216)),
  "30_1" = list(gen.artif = c(16), 
                remove.blinks = NULL),
  "30_2" = list(gen.artif = NULL, 
                remove.blinks = c(183)),
  "32_1" = list(gen.artif = c(13, 16, 23, 43, 80, 87, 93, 101, 102, 129, 
                              156, 167, 171, 190, 191, 240, 249, 260), 
                remove.blinks = c(12, 33, 60, 141, 228, 236)),
  "32_2" = list(gen.artif = c(10, 16, 30, 42, 52, 59, 61, 71, 75, 87, 
                              99, 102, 113, 117, 121, 140, 141, 148, 153, 169, 
                              190, 205, 209, 253, 260, 265, 276), 
                remove.blinks = c(1, 55, 72, 214, 217)),
  "33_1" = list(gen.artif = c(12, 30, 35, 42, 59, 82, 84, 85, 114, 124, 
                              136, 143, 144, 151, 157, 175, 202, 217, 231, 245, 
                              249, 253, 266),